%YAML:1.0
scene_intr: !!opencv-matrix
  rows: 3
  cols: 3
  dt: f
  data: [ 611.3922, 0.0, 321.8853, 0.0, 613.3425, 239.7948, 0.0, 0.0, 1.0 ]
scene_dist: !!opencv-matrix
  rows: 1
  cols: 5
  dt: f
  data: [ 0.026858, -0.212083, 0.002701, -0.002490, 0.494850 ]
right_to_scene: !!opencv-matrix
  rows: 4
  cols: 4
  dt: f
  data: [ 1.000000, -0.000000, -0.000000, -0.031000, 0.000000, -0.920505, 0.390731, -0.029422, 0.000000, -0.390731, -0.920505, 0.023737, 0.000000, 0.000000, 0.000000, 1.000000 ]      
left_to_right: !!opencv-matrix
  rows: 4
  cols: 4
  dt: f
  data: [1.0, 0.0, 0.0, 0.062, 0.0, 1.0, 0.0, 0.0, 0.0, 0.0, 1.0, 0.0, 0.0, 0.0, 0.0, 1.0 ]
