%YAML:1.0
eye_intr: !!opencv-matrix
   rows: 3
   cols: 3
   dt: f
   data: [ 789.311956305243, 0.0, 318.745586281075, 0.0, 785.608590236097, 217.585069948245, 0.0, 0.0, 1.0 ]
eye_dist: !!opencv-matrix
   rows: 1
   cols: 5
   dt: f
   data: [-0.0683374878811475, -0.57464673534425, 0.00189640729826507, 0.00224588599102401, 0.61174675760327 ]

   
   