%YAML:1.0
eye_intr: !!opencv-matrix
   rows: 3
   cols: 3
   dt: f
   data: [ 706.016649148281, 0.0, 325.516892970862, 0.0, 701.594050122496, 229.074499749446, 0.0, 0.0, 1.0 ]
eye_dist: !!opencv-matrix
   rows: 1
   cols: 5
   dt: f
   data: [-0.0592552807088912, -0.356035882388608, -0.00499637342440711, -0.00186924287347176, 0.041261857952091 ]

