%YAML:1.0
mu_x_right: !!opencv-matrix
   rows: 1
   cols: 6
   dt: f
   data: [-0.3673,   -0.8780,   -0.8911,    0.1052,    1.1175,    0.9137]


mu_y_right: !!opencv-matrix
   rows: 1
   cols: 6
   dt: f
   data: [0.5789,    0.3217,   -0.2427,   -0.7481,   -0.2097,    0.2999]



mu_x_left: !!opencv-matrix
   rows: 1
   cols: 6
   dt: f
   data: [0.3664,    0.8624,    0.8998,   -0.0881,   -1.1333,   -0.9072]


mu_y_left: !!opencv-matrix
   rows: 1
   cols: 6
   dt: f
   data: [0.5812,    0.3359,   -0.2290,   -0.7340,   -0.2362,    0.2821]

