%YAML:1.0
mu_x_right: !!opencv-matrix
   rows: 1
   cols: 6
   dt: f
   data: [-14.2681, -34.4862, -34.5551, 4.5896, 43.1831, 35.5367]

mu_y_right: !!opencv-matrix
   rows: 1
   cols: 6
   dt: f
   data: [22.1470, 12.4512, -9.9541, -28.0023, -7.9908, 11.3490]


mu_x_left: !!opencv-matrix
   rows: 1
   cols: 6
   dt: f
   data: [14.6687, 33.0006, 33.9407, -4.3601, -43.0499, -34.2000]

mu_y_left: !!opencv-matrix
   rows: 1
   cols: 6
   dt: f
   data: [22.0058, 12.1996, -9.0336, -27.0251, -8.4987, 10.3519]


