%YAML:1.0
K9_right: !!opencv-matrix
   rows: 3
   cols: 3
   dt: f
   data: [ 8.14531863e-01, -8.98573101e-02, -5.85344471e-02,
       2.93656196e-02, 8.69421601e-01, 4.02042940e-02, 7.53018931e-02,
       2.64169395e-01, 9.81380522e-01 ]
K9_left: !!opencv-matrix
   rows: 3
   cols: 3
   dt: f
   data: [ 7.44347274e-01, 3.98693010e-02, 6.58404008e-02,
       -4.08168621e-02, 8.31159770e-01, 2.05744773e-01, -8.20826218e-02,
       9.95806456e-02, 1.02059579e+00 ]
