%YAML:1.0
K9_right: !!opencv-matrix
   rows: 3
   cols: 3
   dt: f
   data: [ 8.67743075e-01, -1.11891583e-01, -1.20385818e-01,
       6.98313490e-02, 8.92934024e-01, -1.07232265e-01, 6.77396655e-02,
       2.91126251e-01, 9.80139196e-01 ]
K9_left: !!opencv-matrix
   rows: 3
   cols: 3
   dt: f
   data: [ 8.93221259e-01, 4.32710089e-02, 7.82724991e-02,
       -3.91633511e-02, 9.25626457e-01, -6.26779348e-02, -7.01554045e-02,
       2.03190640e-01, 1.01058507e+00 ]
