%YAML:1.0
left_leds: !!opencv-matrix
  rows: 6
  cols: 3
  dt: f
  data: [ 0.019120, 0.001719, 0.029388,
  0.039017, -0.005938, 0.030353,
  0.038431, -0.022589, 0.036882,
  0.004518, -0.027402, 0.042179,
  -0.021734, -0.015592, 0.040242,
  -0.015582, -0.003276, 0.034835 ]
right_leds: !!opencv-matrix
  rows: 6
  cols: 3
  dt: f
  data: [ -0.020094, 0.002253, 0.017040,
  -0.038540, -0.005842, 0.017673,
  -0.038744, -0.023562, 0.026000,
  -0.003747, -0.026598, 0.033479,
  0.022498, -0.016365, 0.033184,
  0.017009, -0.005323, 0.027025 ]