%YAML:1.0
left_leds: !!opencv-matrix
  rows: 6
  cols: 3
  dt: f
  data: [ 0.017532, 0.000711, 0.016758,
    0.036076, -0.007606, 0.020288,
    0.036076, -0.025013, 0.027677,
    0.004206, -0.033251, 0.031174,
    -0.023768, -0.021550, 0.026207,
    -0.016759, -0.007479, 0.020235 ]
right_leds: !!opencv-matrix
  rows: 6
  cols: 3
  dt: f
  data: [ -0.017532, 0.000711, 0.016758,
    -0.036076, -0.007606, 0.020288,
    -0.036076, -0.025013, 0.027677,
    -0.004206, -0.033251, 0.031174,
    0.023768, -0.021550, 0.026207,
    0.016759, -0.007479, 0.020235 ]